#RUN    RUN_START (UNIX)      DURATION    STOP        COMMENT
2011	1748013995.981941     23479.4     0           ok
2012	1748037589.367977     43201.0	  0	      ok
2013	1748080800.242755     19505.9	  0	      ok
2016	1748101372.994663     43201.0	  0	      ok
2017	1748144584.709687     29010.9	  0	      ok
2020	1748174722.136074     39515.4	  0	      ok
2021	1748214435.600752     43201.0	  0	      ok
2024	1748258776.417479     11995.9	  0	      ok
2027	1748271974.771048     43201.0	  0	      ok
2028	1748315185.736013     16376.9	  16324	      trackerhv0 trip
2029	1748331952.900520     28359.9	  0	      ok
2032	1748362053.577505     43201.0	  0	      ok
2033	1748405264.213286     34553.4	  0	      ok
2036	1748440975.980522     43201.0	  0	      ok
2037	1748484185.237372     43201.0	  0	      ok
2041	1748528696.093361     43201.0	  0	      ok
2042	1748571906.716305     25874.4	  0	      ok
2058	1748621117.864711     43201.0	  0	      ok
2059	1748664327.231878     35442.2	  0	      ok
2062	1748700888.586082     43201.0	  0	      ok
2063	1748744099.213461     15174.5	  14919	      trackerhv2 trip
2064	1748759692.660591     26472.2	  0	      ok
2067	1748787247.954263     43201.0	  0	      ok
2068	1748830459.229708     43201.0	  0	      ok
2071	1748874750.566025     43201.0	  0	      ok
2072	1748917962.228355     41105.5	  0	      ok
2075	1748960386.928485     533.1	  429	      trackerhv0 trip
2076	1748961365.681464     2502.6	  2405	      trackerhv0 trip
2077	1748964333.940411     4652.5	  4626	      trackerhv0 trip
2078	1748969995.738910     3986.1	  3402	      trackerhvs trip
2079	1748974385.257066     23798.9	  23704	      trackerhvs trip
2080	1748998596.436977     42569.4	  0	      ok
2083	1749042322.973374     17456.7	  16300	      trackerhvs trip
2084	1749060180.727042     439.1	  315	      trackerhv trip
2085	1749061150.974210     40368.5	  0	      ok
2086	1749101908.138639     29804.8	  0	      ok
2089	1749132859.125150     43201.0	  0	      ok
2090	1749176070.722692     27694.7	  0	      ok
2108	1749234506.893652     43201.0	  0	      ok
2109	1749277717.743548     27055.2	  0	      ok
2112	1749305954.642332     43201.0	  0	      ok
2113	1749349165.226289     40603.5	  0	      ok
2118	1749403566.830935     43201.0	  0	      ok
2119	1749446776.247585     30845.3	  0	      ok
2122	1749478761.043368     43201	  0	      ok
2123	1749521972.738415     37140	  0	      ok
2126	1749560206.795460     43201.0	  0	      ok
2127	1749603419.235827     11995.5	  11994	      trackerhv trip
2128	1749616651.568520     31198.5	  0	      ok
2131	1749648915.050864     43200.0	  28901	      trackerhv trip
2132	1749678283.430856     43201.0	  0	      ok
2133	1749721493.238184     2246.6	  2126	      trackerhv trip
2136	1749724876.284782     43201.0	  0	      ok
2137	1749768088.217131     31957.4	  0	      ok
2153	1749823140.782789     43201.0	  0	      ok
2154	1749866351.739611     40354.3	  0	      ok
2157	1749907786.995413     43201.0	  0	      ok
2158	1749950999.230225     43201.0	  0	      ok
2159	1749994209.735410     15636.0	  0	      ok
2162	1750010914.701356     43201.0	  0	      ok
2163	1750054125.241006     34106.0	  0	      ok
2166	1750089329.130285     43201.0	  0	      ok
2167	1750132539.229448     37359.3	  0	      ok
2170	1750171378.352435     43201.0	  29117	      trackerhv0 trip
2172	1750221629.275435     16023.6	  15955	      trackerhv0 trip
2173	1750238024.525283     20822.9	  0	      ok
2176	1750260048.308015     24921.1	  24835	      trackerhv0 trip
2177	1750285350.722314     2488.2	  2416	      trackerhv0 trip
2178	1750288275.044443     43201.0	  0	      ok
2181	1750332615.569791     43201.0	  0	      ok
2182	1750375828.231506     19537.5	  19442	      trackerhv trip
2183	1750395766.293871     14886.1	  0	      ok
2683	1752083710.546672	43201	  0	      ok
2686	1752135916.948561	21602.1	  0	      ok
2689	1752158609.846723	43201	  0	      ok
2690	1752201822.243259	20639.2	  20233	      trackerhv0 trip
2727	1752270073.697574	28475.3	  23343	      trackerhv0 trip
2728	1752298965.928843	37739.5	  0	      ok
2731	1752337827.067236	39730	  39162	      trackerhvs trip
2732	1752377951.390319	242.2	  217	      trackerhv1 trip
2733	1752378771.605862	43104.3	  0	      ok
2736	1752423153.277748	39814.3	  39671	      trackerhv0 trip
2737	1752463507.004558	7052.8	  6536	      trackerhv0 trip
2738	1752471684.404902	30865.8	  0	      ok
2741	1752504165.693168	43201	  0	      ok
2742	1752547376.163691	2754.6	  2455	      trackerhvs trip
2744	1752551040.310880	38269.9	  0	      ok
2747	1752590822.566601	43201	  0	      ok
2748	1752634032.658214	42051.6	  0	      ok
2751	1752677508.411247	39679.7	  39419	      trackerhv0 trip
2752	1752719168.270080	2487.4	  2381	      trackerhv0 trip
2753	1752722224.379684	16525.6	  15788	      trackerhv0 trip
2769	1752763908.870918	4407.1	  4196	      trackerhv0 trip
2770	1752769856.708042	40030.4	  39915	      trackerhv0 trip
2771	1752810608.645095	35242.8	  0	      ok
2774	1752846988.976759	43201	  0	      ok
2775	1752890200.157723	43201	  0	      ok
2778	1752934596.527484	43201	  0	      ok
2779	1752977806.674376	35074.1	  34821	      trackerhv0 trip
2782	1753014617.277546	43201	  0	      ok
2783	1753057827.659406	10597.1	  0	      ok
2784	1753069390.024535	39692.5	  0	      ok
2787	1753110245.102665	43201	  0	      ok
2788	1753153455.638267	3435.2	  3349	      trackerhvs trip
2789	1753157478.797455	33558.1	  0	      ok	  
2792	1753192224.399689	43201	  0	      ok
2793	1753235434.169919	8818	  8629	      trackerhvs trip
2794	1753245982.962453	30795.4	  0	      ok
2797	1753277909.618543	43201	  0	      ok
2798	1753321119.685093	6569.7	  6452	      trackerhvs trip
2799	1753328451.519454	35480.9	  0	      ok
2802	1753365154.960337	43201	  0	      ok
2803	1753408364.678803	5562.1	  5456	      trackerhvs trip
2804	1753414478.556173	353.5	  246	      trackerhvs trip
2805	1753415256.879834	17909	  0	      ok
2872	1753711270.376976	900.2	  0	      ok
2873	1753715764.834908	42850.2	  42622	      trackerhvs trip
2874	1753759083.817434	38077.6	  0	      ok
2877	1753798534.430262	43201	  0	      ok
2878	1753841744.756128	43201	  0	      ok
2879	1753884954.786828	491.8	  0	      ok
2882	1753886850.165116	43201	  0	      ok
2883	1753930060.764408	3182.9	  1018	      trackerhvs trip
2884	1753933634.815109	17078.2	  0	      ok
2900	1753974278.827244	38174.5	  38094	      trackerhv0 trip
2901	1754013362.179423	4382.8	  4282	      trackerhv1 trip
2903	1754034744.355909	28111	  0	      ok
2906	1754064075.162886	43201	  0	      ok
2907	1754107285.145786	42096.1	  0	      ok
2910	1754150542.306916	43201	  0	      ok
2911	1754193752.752088	36007.7	  0	      ok
2914	1754230883.006164	43201	  0	      ok
2915	1754274093.780076	43201	  0	      ok
2916	1754317305.266287	13484.8	  0	      ok
2919	1754331952.899814	43201	  0	      ok
2920	1754375164.274285	3743.6	  3172	      ok
2921	1754379627.301412	25116.9	  0	      ok
2924	1754406004.818031	43201	  0	      ok
2925	1754449215.236444	1796.6	  1588	      trackerhv0 trip
2926	1754451770.475634	20101	  0	      ok
2942	1754495386.429167	40589	  40401	      trackerhv0 trip
2945	1754538483.311310	43201	  0	      ok
2948	1754582827.535174	43201	  0	      ok
2949	1754626038.239533	43201	  0	      ok
2952	1754670405.543123	39522.2	  39377	      trackerhv0 trip
2953	1754710580.929004	43201	  0	      ok
2956	1754754896.104441	43201	  0	      ok
2957	1754798106.743262	42593.1	  0	      ok
2960	1754841815.204575	43201	  0	      ok
2961	1754885025.756430	43201	  0	      ok
2964	1754929379.904687	39051	  38907	      trackerhv0 trip
2965	1754969195.515188	24725.5	  0	      ok
2980	1755015910.579467	43201	  0	      ok
2981	1755059121.212593	43201	  0	      ok
2982	1755102330.688555	44.6	  0	      ok
2985	1755103531.332968	37549.1	  37389	      trackerhvs trip
2986	1755141804.789704	43201	  0	      ok
2989	1755186153.508051	43201	  0	      ok
2990	1755229363.752978	43201	  0	      ok
2993	1755273702.794775	40543.1	  39945	      trackerhv0 trip
2994	1755314680.120257	43201	  0	      ok
2995	1755357889.777057	8.6	  0	      ok
2998	1755359064.816429	43201	  0	      ok
2999	1755402276.268894	43201	  0	      ok
3002	1755446600.403417	40115.6	  40045	      trackerhvs trip
3003	1755487275.557892	24558.6	  0	      ok
3019	1755535330.200427	37700.4	  37621	      trackerhvs trip
3020	1755574877.866041	40875.8	  0	      ok
3023	1755616958.776988	42888.9	  42820	      trackerhv0 trip
3024	1755660379.137681	36117.1	  0	      ok
3027	1755697621.179703	43201	  0	      ok
3028	1755740831.755923	5053.3	  4966	      trackerhvs trip
3029	1755746407.683801	43201	  0	      ok
3032	1755790905.925989	43201	  0	      ok
3033	1755834116.254937	43200	  0	      ok
3036	1755879368.538828	43201	  0	      ok
3037	1755922578.772050	40689.5	  0	      ok
3040	1755964448.411060	43201	  0	      ok
3041	1756007659.766339	41650.2	  0	      ok
3044	1756050606.197475	43201	  0	      ok
3045	1756093816.796331	15294.4	  0	      ok
3061	1756132747.137915	43201	  0	      ok
3062	1756175957.266684	43201	  0	      ok
3065	1756220701.634685	43201	  0	      ok
3066	1756263912.269127	43201	  0	      ok
3069	1756308413.760918	19867.4	  19720	      trackerhv0 trip
3070	1756328977.422472	43201	  0	      ok
3071	1756372188.762771	22476	  11250	      calo feb 0 crash
3076	1756398654.841189	39011.8	  38855	      trackerhv0 trip
3077	1756438305.438957	43201	  0	      ok
3080	1756482705.301648	43201	  0	      ok
3081	1756525917.259121	35218.3	  0	      ok
3084	1756562452.028168	43201	  0	      ok
3085	1756605663.299801	43201	  0	      ok
3088	1756650135.578206	43201	  3641	      calo feb0 crash
3105	1756734003.970624	49103.6	  16143	      calo feb0 crash
3107	1756784075.217433	43201	  0	      ok
3110	1756828467.608145	17861.6	  17615	      trackerhv0 trip
3111	1756847072.561102	43201	  10170	      calo feb0 crash
3113	1756893450.439075	20815.8	  0	      ok
3116	1756915439.133903	39850.2	  39699	      trackerhv0 trip
3117	1756956257.646780	43201	  0	      ok
3120	1757000594.274332	43201	  0	      ok
3121	1757043805.256617	43201	  0	      ok
3124	1757088270.427238	41411.6	  41301	      trackerhv0 trip
3125	1757130260.060817	43201	  0	      ok
3128	1757174570.662752	43201	  0	      ok
3129	1757217782.245601	43201	  0	      ok
3132	1757262120.151257	43201	  0	      ok
3133	1757305331.790002	17045.3	  0	      ok
3149	1757345898.491688	41523.1	  41388	      trackerhv0 trip
3150	1757387990.226733	43201	  0	      ok
3153	1757434059.600711	43201	  0	      ok
3154	1757477269.207323	43201	  0	      ok
3157	1757521642.050071	39569.3	  38766	      trackerhv0 trip
3158	1757561639.389417	43201	  0	      ok
3161	1757606047.619202	43201	  0	      ok
3162	1757649257.703097	43201	  0	      ok
3165	1757693620.156848	40126.8	  39895	      trackerhv0 trip
3166	1757734311.994143	43201	  0	      ok
3169	1757778677.118635	43201	  0	      ok
3170	1757821888.202344	43201	  0	      ok
3173	1757866248.543913	43201	  0	      ok
3174	1757909459.205252	19501.6	  0	      ok
3190	1757952421.607013	39324.9	  39175	      trackerhv0 trip
3191	1757992281.558144	43201	  0	      ok
3194	1758036747.326163	43201	  34730	      trackerhv2 trip
3196	1758083827.114176	40636.7	  0	      ok
3199	1758127129.889574	38055.5	  37442	      trackerhv0 trip
3200	1758165564.685532	40984	  0	      ok
3203	1758207678.923108	43201	  0	      ok
3204	1758250890.194879	42697.4	  0	      ok
3207	1758294702.542656	43201	  42888	      trackerhvX trip
3209	1758342694.709813	36810.9	  0	      ok
3212	1758380717.530832	32828.7	  32699	      trackerhvX trip
3213	1758414418.181899	33299.7	  0	      ok
3214	1758447738.992951	27384.4	  0	      ok
3217	1758476237.781098	43201	  0	      ok
3218	1758519450.211631	20134.7	  0	      ok
3238	1758571771.035318	24992.6	  24854	      trackerhv0 trip
3239	1758597352.907616	43201	  0	      ok
3242	1758641695.073485	43201	  0	      ok
3243	1758684905.218166	43201	  0	      ok
3246	1758729258.958007	40012.2	  39918	      trackerhvX trip
3248	1758803804.845207	18160.3	  0	      ok
3251	1758823144.320687	43201	  27463	      calofeb0 crash
3253	1758876594.603888	20714.3	  6519	      calofeb0 crash
3256	1758898726.811577	43201	  0	      ok
3257	1758941937.729490	1317.6	  1216	      trackerhv0 trip
3258	1758943742.066397	43201	  0	      ok
3261	1758988076.228168	43201	  0	      ok
3262	1759031286.724930	43201	  0	      ok
3267	1759075667.415080	43201	  21945	      calofeb0 crash
3269	1759136013.032874	22355	  0	      ok
3284	1759181824.166477	20595.2	  20517	      trackerhvs trip
3285	1759203015.740836	39015.5	  0	      ok
3288	1759243598.973629	43201	  40690	      calofeb0 crash
3290	1759317048.548248	24193.1	  0	      ok
3293	1759343131.750068	42144.2	  32026	      trackerhvs trip
3294	1759395982.679822	29932.6	  0	      ok
3298	1759427671.178195	43201	  0	      ok
3299	1759470883.241306	34736.8	  0	      ok
3302	1759506807.403100	43201	  18975	      calofeb0 crash
3306	1759593425.689054	43201	  0	      ok
3307	1759636635.709525	43201	  0	      ok
3308	1759679846.723580	18153.3	  0	      ok
3311	1759699500.909945	43201	  0	      ok
3312	1759742711.227686	20924.3	  12360	      calofeb0 crash
3332	1759791853.807989	43201	  0	      ok
3333	1759835065.741919	11175.7	  0	      ok
3336	1759848221.904819	43201	  0	      ok
3337	1759891432.189209	41400.9	  0	      ok
3340	1759933958.707999	43201	  0	      ok
3341	1759977170.215760	1985	  1767	      trackerhv0 trip
3342	1759980698.819649	37800.7	  0	      ok
3345	1760019600.348536	43201	  0	      ok
3346	1760062811.225586	43201	  0	      ok
3347	1760106022.218804	6914.3	  0	      ok
3350	1760114039.882555	43201	  0	      ok
3351	1760157250.210685	34209.7	  0	      ok
3354	1760192569.313157	43201	  0	      ok
3355	1760235780.697330	4700.3	  4415	      trackerhv0 trip
3356	1760241436.970384	33424.9	  0	      ok
3359	1760275939.521998	43201	  0	      ok
3360	1760319151.710398	22492.6	  0	      ok
3403	1760430655.734172	20370.9	  0	      ok
3406	1760452221.828386	43201	  0	      ok
3407	1760495432.691460	1960.6	  1755	      trackerhv0 trip
3408	1760498414.663774	40447.4	  0	      ok
3411	1760540115.587289	21902.5	  21515	      trackerhv trip
3412	1760562634.980378	21354.8	  20930	      trackerhv trip
3413	1760585091.058272	41197.7	  0	      ok
3416	1760627481.158367	43201	  0	      ok
3417	1760670692.678254	43200	  15443	      calofeb0 crash
3418	1760687546.661540	24878.3	  0	      ok
3421	1760713573.394125	43201	  0	      ok
3422	1760756784.215874	39797.8	  0	      ok
3425	1760797749.945678	43201	  0	      ok
3426	1760840960.695023	43201	  0	      ok
3430	1760886440.836298	43201	  0	      ok
3431	1760929651.694550	24200.1	  0	      ok
3447	1760977564.177242	42115.7	  41818	      trackerhv0+1 trip
3448	1761020073.094580	33707.6	  0	      ok
3451	1761055242.542154	43201	  0	      ok
3452	1761098455.204734	10526.5	  4387	      trackerhv0 trip
3453	1761109373.304022	27907.8	  0	      ok
3456	1761138521.511216	43201	  0	      ok
3457	1761181732.221496	7574.7	  7276	      trackerhv0 trip
3458	1761189695.439973	36032.4	  0	      ok
3461	1761226907.072866	43201	  0	      ok
3462	1761270117.722875	41230.1	  0	      ok
3465	1761312486.638576	43200	  0	      ok
3466	1761355696.719504	7197.7	  6432	      trackerhv0 trip
3467	1761363541.647890	42260.1	  0	      ok
3470	1761406986.094264	43201	  0	      ok
3471	1761450198.221118	37899.1	  0	      ok
3474	1761489253.518878	43201	  0	      ok
3475	1761532464.708034	41630.1	  0	      ok
3479	1761576715.724831	43201	  0	      ok
3480	1761619928.216956	4512.2	  4124	      trackerhv0+1 trip
3481	1761624833.671361	43201	  0	      ok
3484	1761669350.527441	43200	  0	      ok
3485	1761712560.707924	41399.7	  0	      ok
3488	1761755086.290477	43201	  0	      ok
3490	1761798890.133340	42028.4	  0	      ok
3493	1761841990.141251	43201	  0	      ok
3494	1761885201.212334	43201	  0	      ok
3497	1761929467.931439	43201	  0	      ok
3498	1761972678.724015	41461.2	  0	      ok
3501	1762015211.691841	43201	  0	      ok
3502	1762058422.231336	42738.7	  0	      ok
3505	1762102221.969443	43201	  0	      ok
3506	1762145431.700472	28843.7	  0	      ok
3522	1762199804.498419	33311.4	  33213	      trackerhv0 trip
3523	1762233497.785214	42150	  0	      ok
3526	1762276779.374073	43201	  0	      ok
3527	1762319990.227363	42591.1	  0	      ok
3530	1762363671.366651	42118.1	  42008	      trackerhv0 trip
3531	1762406268.033572	42467.7	  0	      ok
3534	1762449831.042522	43201	  0	      ok
3535	1762493041.140444	42553.5	  0	      ok
3538	1762536692.399911	41659.6	  41578	      trackerhv1 trip
3539	1762578785.076339	38537.2	  0	      ok
3542	1762618674.002631	43201	  0	      ok
3543	1762661884.195692	43201	  0	      ok
3547	1762706805.888887	43201	  0	      ok
3548	1762750017.709051	43164.9	  0	      ok
3551	1762794292.905143	40445.7	  40312	      trackerhv0 trip
3552	1762835248.831753	26426.3	  0	      ok
3568	1762885284.440001	43201	  0	      ok
3569	1762928495.214403	39228	  0	      ok
3572	1762969039.740035	43201	  0	      ok
3573	1763012249.698215	41929	  0	      ok
3576	1763055621.296290	37910.3	  37713	      trackerhvs trip
3577	1763093957.470901	43201	  0	      ok
3580	1763138774.076202	43201	  0	      ok
3581	1763181984.727934	42125.2	  0	      ok
3584	1763225309.688628	43201	  0	      ok
3585	1763268519.199006	40588.8	  0	      ok
3588	1763310297.329716	43201	  0	      ok
3589	1763353507.670485	43201	  0	      ok
3592	1763397885.151514	42953.1	  42690	      trackerhv0 trip
3593	1763441216.921878	43201	  0	      ok
3596	1763485512.476692	43201	  0	      ok
3597	1763528722.708883	43201	  0	      ok
3600	1763573393.368380	39166.7	  39110	      trackerhv0 trip
3601	1763612938.803124	43201	  0	      ok
3604	1763657214.520794	43201	  0	      ok
3605	1763700424.737689	43201	  0	      ok
3606	1763743636.738048	40914.9	  40845	      trackerhv0 trip
3607	1763784920.386362	43201	  0	      ok
3610	1763829250.017178	43201	  0	      ok
3611	1763872462.226110	43201	  0	      ok
3614	1763916728.412233	43201	  0	      ok
3615	1763959939.707985	30640.2	  0	      ok
3618	1763991665.482960	43201	  0	      ok
3619	1764034876.178818	9970.2	  9899	      trackerhvs trip
3620	1764045253.564628	20890.4	  0	      ok
3636	1764089872.272125	43201	  0	      ok
3637	1764133082.717291	43201	  0	      ok
3640	1764177463.186507	38915.7	  38706	      trackerhv trip
3641	1764216764.746232	43201	  0	      ok
3644	1764261093.108964	43201	  0	      ok

